input_delay:0.01n
0.040873
0.042346
0.049053
0.068409
0.111603
0.215711
0.321293
input_delay:0.0230506n
0.035996
0.042657
0.051015
0.069593
0.110679
0.213511
0.335656
input_delay:0.0531329n
0.043375
0.047267
0.055946
0.074203
0.116066
0.216545
0.327823
input_delay:0.122474n
0.046935
0.05505
0.068266
0.088189
0.129271
0.230947
0.350954
input_delay:0.282311n
0.02273
0.052812
0.081235
0.101411
0.154685
0.254287
0.37965
input_delay:0.650743n
0.034469
0.118154
0.157218
0.178138
0.199051
0.286613
0.497757
input_delay:1.5n
0.027978
0.029418
0.056412
0.075708
0.120615
0.235077
0.450521
