input_delay:0.01n
0.0420485
0.047781
0.0644112
0.103912
0.203451
0.439378
1.03674
input_delay:0.0230506n
0.0348137
0.0447925
0.0616841
0.102444
0.203966
0.442324
0.926628
input_delay:0.0531329n
0.0406691
0.0482405
0.0660024
0.10548
0.203284
0.447104
1.02837
input_delay:0.122474n
0.0495101
0.0572199
0.0742537
0.113562
0.214856
0.4531
1.04446
input_delay:0.282311n
0.0522502
0.0710452
0.0920618
0.135845
0.234307
0.46159
1.08917
input_delay:0.650743n
0.115887
0.131762
0.151917
0.158705
0.270968
0.516102
1.12481
input_delay:1.5n
0.122399
0.127614
0.112801
0.150271
0.291978
0.475931
1.13358
