input_delay:0.01n
0.018425
0.019008
0.027954
0.049839
0.106803
0.262931
0.617189
input_delay:0.0230506n
-2.05897
0.020998
0.023427
0.046008
0.101844
0.238955
0.576979
input_delay:0.0531329n
0.015887
0.015238
0.025853
0.045499
0.102154
0.251398
0.591304
input_delay:0.122474n
0.025161
0.030324
0.033973
0.045893
0.098644
0.248011
0.592795
input_delay:0.282311n
0.106465
0.119579
0.106685
0.081146
0.123315
0.257746
0.594644
input_delay:0.650743n
0.147383
0.196198
0.120768
0.18613
0.211638
0.281981
0.628291
input_delay:1.5n
0.140802
0.142535
0.028968
0.045983
0.113849
0.288382
0.631224
