input_delay:0.01n
0.0261354
0.0302394
0.0503972
0.117475
0.282749
0.638815
1.53267
input_delay:0.0230506n
0.0158775
0.0285167
0.0498751
0.118131
0.287682
0.645586
1.51937
input_delay:0.0531329n
0.0177679
0.0291303
0.0503073
0.114919
0.273539
0.668963
1.52551
input_delay:0.122474n
0.0273201
0.0355201
0.05651
0.109908
0.290275
0.664538
1.53073
input_delay:0.282311n
0.11114
0.100443
0.0973614
0.142775
0.292513
0.671844
1.56191
input_delay:0.650743n
0.187787
0.184462
0.194273
0.198456
0.305375
0.643232
1.56184
input_delay:1.5n
0.248894
0.255058
0.237307
0.312713
0.404656
0.65529
1.58932
