input_delay:0.01n
50.0959
50.1164
50.179
50.3302
50.7033
51.5724
53.6643
input_delay:0.0230506n
50.1082
50.1312
50.1966
50.3512
50.7085
51.5736
53.6647
input_delay:0.0531329n
50.138
50.17
50.2346
50.3873
50.758
51.6165
53.685
input_delay:0.122474n
50.2152
50.2421
50.3068
50.4575
50.8181
51.6824
53.7561
input_delay:0.282311n
47.9492
50.416
50.479
50.6345
50.9972
51.8543
53.9228
input_delay:0.650743n
47.7623
47.7916
47.8551
51.0318
51.3913
52.2075
54.2919
input_delay:1.5n
47.3369
47.3643
47.4235
47.5808
51.7803
52.5902
54.6653
