input_delay:0.01n
-2.00321
-2.00214
-1.99909
-1.99229
-1.97637
-1.93824
-1.84644
input_delay:0.0230506n
-2.02344
-2.02191
-2.01847
-2.0113
-1.99561
-1.95733
-1.86298
input_delay:0.0531329n
-2.06861
-2.06722
-2.06377
-2.05545
-2.03735
-1.9998
-1.90843
input_delay:0.122474n
-2.17268
-2.17131
-2.16792
-2.15955
-2.13948
-2.09503
-2.00462
input_delay:0.282311n
-2.41247
-2.41115
-2.40784
-2.39964
-2.37985
-2.33224
-2.22614
input_delay:0.650743n
-2.96516
-2.9642
-2.96127
-2.95395
-2.93619
-2.89374
-2.79008
input_delay:1.5n
-3.89931
-3.89799
-3.89491
-3.88722
-3.86859
-3.82402
-3.71395
