input_delay:0.01n
0.00382883
0.00603713
0.010357
0.0206053
0.0469938
0.110417
0.248453
input_delay:0.0230506n
0.00382445
0.00603204
0.0100822
0.0194284
0.0444182
0.103234
0.246672
input_delay:0.0531329n
0.00371501
0.0056619
0.0115462
0.0253385
0.0442973
0.102075
0.243275
input_delay:0.122474n
0.00373082
0.00556694
0.0113494
0.025652
0.055564
0.105314
0.240631
input_delay:0.282311n
0.00374197
0.00549182
0.011212
0.0255154
0.0563997
0.122745
0.253119
input_delay:0.650743n
0.00376524
0.0054317
0.0106194
0.0248737
0.0565251
0.126772
0.300237
input_delay:1.5n
0.00388598
0.00541479
0.0108684
0.0251614
0.0565819
0.126277
0.314283
