input_delay:0.01n
0.07797
0.10622
0.19914
0.40708
1.00336
2.21113
4.73687
input_delay:0.0230506n
0.0763
0.11322
0.21174
0.46
1.01058
2.16951
4.72045
input_delay:0.0531329n
0.07571
0.11741
0.1926
0.40527
0.98301
2.15778
4.70754
input_delay:0.122474n
0.06882
0.10981
0.20796
0.43196
0.94005
2.13899
4.71907
input_delay:0.282311n
2.52324
2.5505
2.63556
0.44599
0.99591
2.11899
4.7569
input_delay:0.650743n
0.08196
0.11058
3.23994
3.44972
0.8809
2.09427
4.87927
input_delay:1.5n
0.0794
0.10631
0.21279
4.26063
4.70481
2.15597
4.92744
