input_delay:0.01n
58.1403
58.176
58.2618
58.4688
58.9599
60.2034
62.9373
input_delay:0.0230506n
58.148
58.189
58.2785
58.4885
58.986
60.1723
62.9167
input_delay:0.0531329n
58.1831
58.2153
58.3039
58.5099
59.0172
60.1887
62.9367
input_delay:0.122474n
58.252
58.2934
58.3842
58.598
59.1026
60.2586
63.0133
input_delay:0.282311n
58.4275
58.4627
58.5482
58.7527
59.2736
60.4222
63.184
input_delay:0.650743n
55.8139
55.8454
58.9419
59.149
59.6415
60.7917
63.5661
input_delay:1.5n
55.3877
55.4176
55.5047
55.7275
60.0392
61.2175
