input_delay:0.01n
-2.00427
-2.00399
-2.00236
-1.9985
-1.98927
-1.9671
-1.91205
input_delay:0.0230506n
-2.02431
-2.02333
-2.02131
-2.01679
-2.00703
-1.98363
-1.92511
input_delay:0.0531329n
-2.06942
-2.06859
-2.06655
-2.06166
-2.05034
-2.02597
-1.97003
input_delay:0.122474n
-2.17347
-2.17266
-2.17066
-2.16585
-2.15433
-2.12644
-2.0671
input_delay:0.282311n
-2.41326
-2.41252
-2.41061
-2.40598
-2.3949
-2.3676
-2.30285
input_delay:0.650743n
-2.96597
-2.96568
-2.96425
-2.96066
-2.952
-2.93116
-2.88031
input_delay:1.5n
-3.90039
-3.89944
-3.89779
-3.89377
-3.8841
-3.86081
-3.80306
