input_delay:0.01n
0.0027303
0.00424899
0.00670236
0.0138091
0.030382
0.067883
0.168101
input_delay:0.0230506n
0.00335953
0.00450815
0.00749224
0.013048
0.0287318
0.0646763
0.17404
input_delay:0.0531329n
0.00327235
0.00459656
0.00765158
0.0156804
0.0326743
0.0672469
0.163787
input_delay:0.122474n
0.00330633
0.00462391
0.00764628
0.0157576
0.0339908
0.0753721
0.162434
input_delay:0.282311n
0.00333988
0.00470346
0.00778286
0.0157685
0.0342161
0.0821143
0.190546
input_delay:0.650743n
0.00340912
0.00507175
0.00841182
0.0166026
0.0355345
0.078742
0.196879
input_delay:1.5n
0.00376082
0.00493179
0.00817975
0.0159693
0.034656
0.0784156
0.201747
