input_delay:0.01n
0.06102
0.0655457
0.0829024
0.122816
0.220316
0.466143
1.04121
input_delay:0.0230506n
0.0461438
0.0606072
0.0763905
0.116463
0.216506
0.463769
1.04642
input_delay:0.0531329n
0.0497455
0.0609168
0.0784087
0.117548
0.218321
0.450203
1.04363
input_delay:0.122474n
0.0573236
0.0677926
0.0865787
0.129064
0.227493
0.468165
1.06032
input_delay:0.282311n
0.0885413
0.0947531
0.109161
0.147375
0.246723
0.496281
1.07473
input_delay:0.650743n
0.147271
0.152598
0.11072
0.163712
0.255786
0.502038
1.06565
input_delay:1.5n
0.0746594
0.0802677
0.0619685
0.0983452
0.247515
0.530047
1.10167
