input_delay:0.01n
0.042445
0.043907
0.052458
0.072516
0.118516
0.228603
0.34037
input_delay:0.0230506n
0.041175
0.046473
0.054938
0.074276
0.117708
0.225213
0.332345
input_delay:0.0531329n
0.046201
0.049427
0.061426
0.078531
0.12208
0.225949
0.340662
input_delay:0.122474n
0.048075
0.058826
0.070677
0.091388
0.134316
0.238041
0.3602
input_delay:0.282311n
0.034428
0.061408
0.083878
0.10438
0.158787
0.261378
0.400382
input_delay:0.650743n
0.116919
0.118281
0.05455
0.126981
0.199631
0.29355
0.522285
input_delay:1.5n
0.028038
0.029527
0.059202
0.078693
0.123867
0.23968
0.460105
