input_delay:0.01n
0.017432
0.018631
0.03
0.052362
0.112415
0.280017
0.651812
input_delay:0.0230506n
-2.061
0.022018
0.02579
0.047073
0.109325
0.255143
0.5941
input_delay:0.0531329n
0.013954
0.016174
-2.12164
0.046595
0.104414
0.256931
0.60393
input_delay:0.122474n
0.026491
0.030031
0.03288
0.047942
0.101113
0.255872
0.60757
input_delay:0.282311n
0.116384
0.118775
0.101777
0.081174
0.124871
0.260652
0.605125
input_delay:0.650743n
0.19461
0.196232
0.11982
0.193159
0.21322
0.285385
-3.06832
input_delay:1.5n
0.140854
0.142638
0.026331
0.047787
0.115508
0.289422
0.635939
