input_delay:0.01n
0.0278872
0.0360198
0.053713
0.114504
0.261774
0.66622
1.51676
input_delay:0.0230506n
0.0287356
0.0302477
0.0537633
0.116966
0.269931
0.659818
1.51639
input_delay:0.0531329n
0.0246519
0.0304793
0.0526317
0.118075
0.285769
0.645245
1.52691
input_delay:0.122474n
0.0315647
0.0360958
0.0512778
0.11576
0.27274
0.63929
1.52662
input_delay:0.282311n
0.0785632
0.085929
0.0903132
0.125409
0.260434
0.666735
1.52484
input_delay:0.650743n
0.189285
0.195801
0.159315
0.176682
0.272163
0.678856
1.53776
input_delay:1.5n
0.250049
0.256664
0.234674
0.307663
0.367891
0.667165
1.58536
