input_delay:0.01n
18.0571
18.0732
18.1109
18.205
18.4348
19.0056
20.3227
input_delay:0.0230506n
18.0706
18.0866
18.1285
18.2243
18.4503
18.9946
20.3224
input_delay:0.0531329n
18.1037
18.1232
18.1657
18.2641
18.4955
19.0444
20.3629
input_delay:0.122474n
18.1848
18.2007
18.2407
18.3364
18.5744
19.1306
20.4148
input_delay:0.282311n
15.9074
15.9316
18.4237
18.5193
18.7549
19.3096
20.586
input_delay:0.650743n
15.7241
15.7393
15.7806
15.9741
19.1673
19.7194
20.9598
input_delay:1.5n
15.2974
15.3135
15.3513
15.451
15.799
19.9755
21.261
