input_delay:0.01n
-2.00073
-1.99846
-1.99332
-1.98177
-1.95346
-1.88394
-1.71953
input_delay:0.0230506n
-2.02091
-2.01825
-2.01302
-2.00256
-1.97744
-1.91539
-1.7687
input_delay:0.0531329n
-2.06649
29.9382
29.9463
29.9627
29.9938
30.068
30.2441
input_delay:0.122474n
29.8305
-2.16731
-2.15996
-2.14248
-2.10533
-2.037
-1.87963
input_delay:0.282311n
-2.41021
13.7604
29.6027
29.6227
29.6702
29.7734
29.9578
input_delay:0.650743n
13.4158
-2.95998
-2.95289
-2.93585
-2.89522
-2.79591
-2.58039
input_delay:1.5n
-3.89692
-3.89366
-3.88622
-3.8715
-3.833
-3.73949
-3.51344
