input_delay:0.01n
0.0060649
0.00903381
0.0148466
0.0338282
0.079711
0.189044
0.444214
input_delay:0.0230506n
0.00663521
0.00933487
0.0152564
0.0315647
0.0743287
0.181431
0.414853
input_delay:0.0531329n
0.00619012
-32.0021
-32.0046
-32.0106
-32.0226
-32.0438
-32.0851
input_delay:0.122474n
-32.001
0.0110326
0.0231337
0.0496756
0.0860901
0.166019
0.408638
input_delay:0.282311n
0.00611026
-32.0012
-32.0025
-32.0058
-32.0135
-32.0312
-32.0655
input_delay:0.650743n
-16.302
0.0107856
0.0227123
0.0501562
0.111666
0.24419
0.495947
input_delay:1.5n
0.00606083
0.0109485
0.0230106
0.0498606
0.112466
0.250653
0.626722
