input_delay:0.01n
0.04461
0.06201
0.12683
0.27063
0.59463
1.40263
3.2575
input_delay:0.0230506n
0.03572
0.06689
0.13231
0.28381
0.63173
1.37513
3.24485
input_delay:0.0531329n
0.03982
0.06743
0.13052
0.28861
0.66007
1.41236
3.24651
input_delay:0.122474n
2.2341
2.25545
0.12024
0.25216
0.6492
1.37681
3.22365
input_delay:0.282311n
0.04375
2.52825
2.57473
0.26501
0.64771
1.34406
3.2174
input_delay:0.650743n
0.04193
0.05953
0.12637
3.32508
3.63634
1.27678
3.16165
input_delay:1.5n
0.03848
0.05803
0.118
0.28915
4.4041
5.0039
3.23335
