input_delay:0.01n
0.035789
0.040598
0.0582282
0.0990825
0.191081
0.43576
1.02482
input_delay:0.0230506n
0.0325036
0.0387748
0.0559063
0.0960542
0.198678
0.441676
1.02266
input_delay:0.0531329n
0.0349148
0.0426912
0.0591332
0.100089
0.199567
0.43676
1.02356
input_delay:0.122474n
0.036877
0.0448522
0.0614947
0.101618
0.203924
0.44556
1.02901
input_delay:0.282311n
0.00551
0.0215539
0.0584489
0.0990682
0.200171
0.452833
1.06164
input_delay:0.650743n
-0.0531382
-0.0361891
0.032995
0.0960644
0.211991
0.471096
1.05967
input_delay:1.5n
0.121959
0.127065
0.111585
0.148186
0.286502
0.512921
1.12521
