input_delay:0.01n
0.028559
0.033327
0.040919
0.060011
0.105961
0.214965
0.33043
input_delay:0.0230506n
0.031407
0.033907
0.043034
0.060545
0.10396
0.209789
0.318707
input_delay:0.0531329n
0.034066
0.038318
0.047162
0.06512
0.106971
0.208735
0.324333
input_delay:0.122474n
0.044991
0.047112
0.061257
0.079431
0.121376
0.224341
0.346291
input_delay:0.282311n
0.003227
0.005841
0.082959
0.110817
0.121454
0.226103
0.363279
input_delay:0.650743n
0.116787
0.11808
0.047724
0.097384
0.164062
0.274686
0.499118
input_delay:1.5n
0.027912
0.029293
0.046907
0.045968
0.113461
0.231639
0.451872
