input_delay:0.01n
0.016423
0.017409
0.024085
0.04807
0.118245
0.279044
0.647101
input_delay:0.0230506n
0.010844
0.013765
0.022247
0.044866
0.100977
0.24885
0.577607
input_delay:0.0531329n
0.009412
0.017069
0.02263
0.044507
0.10863
0.26351
0.610129
input_delay:0.122474n
0.024264
0.027131
0.035047
0.047872
0.103471
0.238575
0.568615
input_delay:0.282311n
0.071709
0.074883
0.063865
0.07503
0.116907
0.256622
0.606065
input_delay:0.650743n
0.194581
0.196079
0.111678
0.174104
0.209161
0.279054
0.622228
input_delay:1.5n
0.140732
0.142393
0.043725
0.127756
0.114042
0.292584
0.634763
