input_delay:0.01n
0.0161313
0.0267477
0.0498285
0.116142
0.293669
0.637595
1.52445
input_delay:0.0230506n
0.0160284
0.0254765
0.0508522
0.111522
0.287884
0.662596
1.51812
input_delay:0.0531329n
0.0165724
0.0231729
0.0477879
0.120512
0.282901
0.638005
1.52623
input_delay:0.122474n
0.0417658
0.037178
0.0549146
0.111363
0.289789
0.651279
1.5321
input_delay:0.282311n
0.0780919
0.101116
0.103419
0.126414
0.288014
0.663765
1.56743
input_delay:0.650743n
0.118903
0.168895
0.196877
0.186918
0.294972
0.691054
1.56926
input_delay:1.5n
0.248504
0.254535
0.236008
0.309668
0.403154
0.644451
1.58071
