input_delay:0.01n
0.0499058
0.05662
0.0740478
0.11503
0.212976
0.460169
1.04526
input_delay:0.0230506n
0.0418917
0.0529178
0.0682242
0.109835
0.208962
0.448847
1.05006
input_delay:0.0531329n
0.0437627
0.0508718
0.0693195
0.108726
0.210946
0.454042
1.03598
input_delay:0.122474n
0.0515898
0.0619284
0.0787963
0.120464
0.220658
0.458622
1.05487
input_delay:0.282311n
0.0866599
0.0922278
0.102619
0.139917
0.239044
0.483511
1.06401
input_delay:0.650743n
0.145447
0.150899
0.106859
0.154681
0.24627
0.491587
1.09379
input_delay:1.5n
0.172622
0.177517
0.0603742
0.0904207
0.235708
0.471258
1.07788
