input_delay:0.01n
0.034623
0.037016
0.044626
0.064689
0.111853
0.227511
0.345563
input_delay:0.0230506n
0.032836
0.036418
0.046276
0.065183
0.110975
0.223377
0.336653
input_delay:0.0531329n
0.036798
0.043044
0.050681
0.069842
0.114455
0.222531
0.342123
input_delay:0.122474n
0.046066
0.049672
0.064559
0.084297
0.128032
0.237584
0.361939
input_delay:0.282311n
0.003766
0.007003
0.086744
0.11199
0.128117
0.236145
0.382012
input_delay:0.650743n
-0.022744
-0.021033
0.111557
0.123313
0.21064
0.234983
0.423744
input_delay:1.5n
0.025909
0.027524
0.032035
0.052125
0.126169
0.236478
0.464886
