input_delay:0.01n
0.020664
0.017911
0.025453
0.050115
0.121297
0.291449
0.693811
input_delay:0.0230506n
0.010155
0.017239
0.022961
0.048448
0.111666
0.269715
0.634181
input_delay:0.0531329n
0.01326
0.017255
0.025214
0.047768
0.113595
0.275291
0.643879
input_delay:0.122474n
0.023877
0.028616
0.035367
0.046083
0.107279
0.24804
0.587797
input_delay:0.282311n
0.072385
0.076248
0.064616
0.078084
0.121978
0.264767
0.620688
input_delay:0.650743n
0.147214
0.149281
0.114928
0.130845
0.190948
0.286585
0.629062
input_delay:1.5n
0.094823
0.096777
0.102145
0.118487
0.155975
0.272004
0.637698
