input_delay:0.01n
0.0263544
0.0279206
0.0505193
0.116804
0.260148
0.701346
1.51734
input_delay:0.0230506n
0.0257979
0.0290478
0.0495434
0.119956
0.277484
0.625516
1.5331
input_delay:0.0531329n
0.0168932
0.0297952
0.0517923
0.109696
0.28798
0.69118
1.52407
input_delay:0.122474n
0.028964
0.0360393
0.05247
0.118278
0.28572
0.652138
1.53585
input_delay:0.282311n
0.0774983
0.0842032
0.0873966
0.125611
0.258256
0.690248
1.53192
input_delay:0.650743n
0.18803
0.194432
0.154807
0.172572
0.266689
0.677423
1.57509
input_delay:1.5n
0.369331
0.375532
0.235087
0.30138
0.367166
0.649092
1.59029
