input_delay:0.01n
0.038217
0.040819
0.047018
0.068023
0.116777
0.234924
0.352976
input_delay:0.0230506n
0.03392
0.039249
0.048965
0.069048
0.116615
0.232936
0.350848
input_delay:0.0531329n
0.040494
0.045976
0.054123
0.074091
0.12086
0.233317
0.359593
input_delay:0.122474n
0.04674
0.052722
0.067217
0.088332
0.135037
0.248211
0.380911
input_delay:0.282311n
0.005006
0.036509
0.094345
0.1082
0.142324
0.252775
0.405502
input_delay:0.650743n
0.117027
0.11848
0.050045
0.113892
0.17903
0.300935
0.533829
input_delay:1.5n
0.028132
0.029679
0.053912
0.074093
0.121947
0.247535
0.476671
