input_delay:0.01n
0.0695792
0.0754458
0.0972565
0.136619
0.233478
0.481217
1.06104
input_delay:0.0230506n
0.0595984
0.0667396
0.0870198
0.127214
0.224314
0.472679
1.04693
input_delay:0.0531329n
0.0512075
0.0632111
0.0797211
0.120797
0.222045
0.460078
1.04366
input_delay:0.122474n
0.0590852
0.0694432
0.0892612
0.131605
0.230015
0.478663
1.05452
input_delay:0.282311n
0.0759795
0.0837355
0.10928
0.146629
0.244664
0.492303
1.07101
input_delay:0.650743n
0.070178
0.0764231
0.0701861
0.162458
0.281119
0.5259
1.12382
input_delay:1.5n
-0.0349117
-0.0288831
0.154946
0.258629
0.376074
0.616239
1.20411
