input_delay:0.01n
0.019984
0.019596
0.027797
0.052248
0.123536
0.304099
0.692784
input_delay:0.0230506n
0.010199
0.019112
0.025125
0.050629
0.118918
0.288264
0.663314
input_delay:0.0531329n
0.015421
0.016152
0.026344
0.048988
0.116289
0.277528
0.657711
input_delay:0.122474n
0.024219
0.029768
0.034813
0.0489
0.113416
0.272108
0.641492
input_delay:0.282311n
0.073829
0.106713
0.068925
0.087694
0.130802
0.274943
0.643489
input_delay:0.650743n
0.194701
0.196352
0.114363
0.178857
0.215547
0.302097
0.655373
input_delay:1.5n
0.140955
0.142802
0.034995
0.048874
0.120361
0.301217
0.657377
