input_delay:0.01n
0.0340448
0.0428423
0.0541552
0.115247
0.275911
0.664006
1.51314
input_delay:0.0230506n
0.0263978
0.0387294
0.0530588
0.114737
0.267094
0.664521
1.51088
input_delay:0.0531329n
0.026088
0.0320101
0.0531766
0.11441
0.285395
0.64648
1.51675
input_delay:0.122474n
0.0307346
0.0380204
0.0586773
0.114761
0.272201
0.663623
1.51237
input_delay:0.282311n
0.081928
0.0902512
0.0942026
0.117597
0.263653
0.663682
1.51337
input_delay:0.650743n
0.15376
0.161217
0.17086
0.171584
0.295195
0.635185
1.52603
input_delay:1.5n
0.251713
0.258946
0.40863
0.299054
0.424033
0.6755
1.52031
