input_delay:0.01n
0.0756598
0.0889379
0.107836
0.148998
0.245927
0.490594
1.07829
input_delay:0.0230506n
0.0669996
0.078533
0.0992239
0.139641
0.23565
0.482774
1.06777
input_delay:0.0531329n
0.0640138
0.0723672
0.0935935
0.135647
0.23238
0.440505
0.934253
input_delay:0.122474n
0.0679508
0.0774137
0.0976209
0.140143
0.241197
0.483161
1.07969
input_delay:0.282311n
0.0777208
0.0873295
0.121848
0.160362
0.264947
0.511095
1.05457
input_delay:0.650743n
0.0712466
0.0775709
0.0816125
0.174499
0.276277
0.512766
1.12082
input_delay:1.5n
0.0024316
0.0082296
0.0276385
0.220448
0.351513
0.6061
1.17691
