input_delay:0.01n
0.04354
0.045035
0.055644
0.075877
0.12382
0.240999
0.346203
input_delay:0.0230506n
0.043576
0.050552
0.056963
0.077987
0.123943
0.239566
0.345258
input_delay:0.0531329n
0.047974
0.052554
0.064018
0.083771
0.12953
0.241493
0.380888
input_delay:0.122474n
0.051826
0.062567
0.073595
0.095434
0.14093
0.251462
0.375461
input_delay:0.282311n
0.069664
0.085066
0.095284
0.115326
0.170098
0.278476
0.430914
input_delay:0.650743n
0.190364
0.004519
0.1422
0.153903
0.232954
0.256622
0.446889
input_delay:1.5n
0.026228
0.028156
0.03374
0.06671
0.136891
0.247857
0.473744
