input_delay:0.01n
0.016973
0.018794
0.031227
0.053845
0.116357
0.296789
0.689899
input_delay:0.0230506n
0.024801
0.023802
0.028627
0.05249
0.115162
0.272676
0.640377
input_delay:0.0531329n
0.012756
0.020958
0.02678
0.048922
0.108328
0.266769
0.629167
input_delay:0.122474n
0.029502
0.029389
0.031334
0.050641
0.108654
0.273439
0.641763
input_delay:0.282311n
0.114809
0.091821
0.068878
0.081838
0.131577
0.270184
0.625368
input_delay:0.650743n
0.165458
0.161691
0.115817
0.131777
0.181955
0.295208
0.630987
input_delay:1.5n
0.095197
0.097482
0.104181
0.123306
0.15215
0.276263
0.642946
