input_delay:0.01n
0.0455785
0.0521065
0.0623652
0.116793
0.280442
0.672288
1.52567
input_delay:0.0230506n
0.0370054
0.0485438
0.0591567
0.115498
0.271266
0.692855
1.52647
input_delay:0.0531329n
0.0285044
0.0393842
0.0573171
0.121672
0.280324
0.640972
1.5538
input_delay:0.122474n
0.0297574
0.0346527
0.060883
0.111561
0.28727
0.66734
1.53124
input_delay:0.282311n
0.0831143
0.0917104
0.106954
0.12639
0.283327
0.633332
1.55846
input_delay:0.650743n
0.154279
0.161927
0.184557
0.187142
0.289018
0.644801
1.58169
input_delay:1.5n
0.296476
0.30338
0.368814
0.331075
0.4375
0.679435
1.58322
