input_delay:0.01n
-1.99196
-1.98939
-1.98232
-1.96618
-1.9278
-1.8308
-1.5983
input_delay:0.0230506n
-1.99255
-1.98939
-1.98232
-1.96618
-1.9278
-1.8308
-1.5983
input_delay:0.0531329n
-1.99255
-1.98939
-1.98232
-1.96618
-1.9278
-1.8308
-1.5983
input_delay:0.122474n
-1.99255
-1.98939
-1.98232
-1.96618
-1.9278
-1.8308
-1.5983
input_delay:0.282311n
-1.99255
-1.98939
-1.98232
-1.96618
-1.9278
-1.8308
-1.5983
input_delay:0.650743n
-1.99255
-1.98939
-1.98232
-1.96618
-1.9278
-1.8308
-1.5983
input_delay:1.5n
-1.99255
-1.98939
-1.98232
-1.96618
-1.9278
-1.8308
-1.5983
