input_delay:0.01n
18.0593
18.0766
18.1133
18.2071
18.4447
19.0112
20.3329
input_delay:0.0230506n
18.0577
18.0766
18.1133
18.2071
18.4447
19.0112
20.3329
input_delay:0.0531329n
18.0577
18.0766
18.1133
18.2071
18.4447
19.0112
20.3329
input_delay:0.122474n
18.0577
18.0766
18.1133
18.2071
18.4447
19.0112
20.3329
input_delay:0.282311n
18.0577
18.0766
18.1133
18.2071
18.4447
19.0112
20.3329
input_delay:0.650743n
18.0577
18.0766
18.1133
18.2071
18.4447
19.0112
20.3329
input_delay:1.5n
18.0577
18.0766
18.1133
18.2071
18.4447
19.0112
20.3329
