input_delay:0.01n
0.00945976
0.0132661
0.0219605
0.0472735
0.108312
0.241507
0.62634
input_delay:0.0230506n
0.00958378
0.0132661
0.0219605
0.0472735
0.108312
0.241507
0.62634
input_delay:0.0531329n
0.00958378
0.0132661
0.0219605
0.0472735
0.108312
0.241507
0.62634
input_delay:0.122474n
0.00958378
0.0132661
0.0219605
0.0472735
0.108312
0.241507
0.62634
input_delay:0.282311n
0.00958378
0.0132661
0.0219605
0.0472735
0.108312
0.241507
0.62634
input_delay:0.650743n
0.00958378
0.0132661
0.0219605
0.0472735
0.108312
0.241507
0.62634
input_delay:1.5n
0.00958378
0.0132661
0.0219605
0.0472735
0.108312
0.241507
0.62634
