input_delay:0.01n
0.04784
0.06361
0.12751
0.26694
0.60399
1.41792
3.27205
input_delay:0.0230506n
0.04636
0.06361
0.12751
0.26694
0.60399
1.41792
3.27205
input_delay:0.0531329n
0.04636
0.06361
0.12751
0.26694
0.60399
1.41792
3.27205
input_delay:0.122474n
0.04636
0.06361
0.12751
0.26694
0.60399
1.41792
3.27205
input_delay:0.282311n
0.04636
0.06361
0.12751
0.26694
0.60399
1.41792
3.27205
input_delay:0.650743n
0.04636
0.06361
0.12751
0.26694
0.60399
1.41792
3.27205
input_delay:1.5n
0.04636
0.06361
0.12751
0.26694
0.60399
1.41792
3.27205
